rear channel points 7258
1 [(7, -5.3744, [-21.35, -64.445, 7.0]), (11.2, -3.0623, [-1.85, -67.43, 11.2]), (25, 1.0554, [-21.35, -64.445, 55.0])]
1.03 [(7, -4.0686, [-21.35, -64.445, 7.0]), (11.2, -1.5861, [-1.85, -67.43, 11.2]), (25, 3.0535, [-1.85, -67.43, 25.0])]
1.05 [(7, -3.2333, [-21.35, -64.445, 7.0]), (11.2, -0.6359, [-1.85, -67.43, 11.2]), (25, 4.3325, [-1.85, -67.43, 25.0])]
1.06 [(7, -2.8261, [-21.35, -64.445, 7.0]), (11.2, -0.1748, [-21.35, -64.445, 11.2]), (25, 4.9689, [-1.85, -67.43, 25.0])]
1.07 [(7, -2.4315, [-21.35, -64.445, 7.0]), (11.2, 0.2768, [-21.35, -64.445, 11.2]), (25, 5.6, [-1.85, -67.43, 25.0])]
1.08 [(7, -2.0447, [-21.35, -64.445, 7.0]), (11.2, 0.7184, [-21.35, -64.445, 11.2]), (25, 6.2289, [-1.85, -67.43, 25.0])]
1.085 [(7, -1.854, [-21.35, -64.445, 7.0]), (11.2, 0.9377, [-21.35, -64.445, 11.2]), (25, 6.5407, [-1.85, -67.43, 25.0])]
1.09 [(7, -1.6644, [-21.35, -64.445, 7.0]), (11.2, 1.1537, [-21.35, -64.445, 11.2]), (25, 6.8525, [-1.85, -67.43, 25.0])]
1.095 [(7, -1.4785, [-21.35, -64.445, 7.0]), (11.2, 1.3697, [-21.35, -64.445, 11.2]), (25, 7.1641, [-1.85, -67.43, 25.0])]
1.1 [(7, -1.2942, [-21.35, -64.445, 7.0]), (11.2, 1.5831, [-21.35, -64.445, 11.2]), (25, 7.4756, [-1.85, -67.43, 25.0])]
1.15 [(7, 0.425, [-21.35, -64.445, 7.0]), (11.2, 3.5838, [-21.35, -64.445, 11.2]), (25, 10.5385, [-1.85, -67.43, 25.0])]
